AA1001 保温杯 A 30.000000 50.000000 3 99 45.000000 2017 9 14 13 0 2017 9 20 13 0
AA1002 抱枕 A 15.000000 25.000000 4 99 25.000000 0 0 0 0 0 0 0 0 0 0
AA1003 洗衣液 A 23.000000 30.000000 6 99 30.000000 0 0 0 0 0 0 0 0 0 0
AA1004 薯片 A 2.500000 3.500000 0 200 3.500000 0 0 0 0 0 0 0 0 0 0
AA1005 辣条 A 0.500000 1.500000 1 99 1.000000 2017 9 1 0 0 2017 10 20 23 0
AA1006 曲奇 A 18.000000 25.000000 2 98 23.000000 2017 9 5 0 0 2017 9 25 0 0
AA1007 牙膏 A 5.000000 10.000000 0 300 10.000000 0 0 0 0 0 0 0 0 0 0
AA1008 洗面奶 A 30.000000 45.000000 0 200 38.000000 2017 9 25 0 0 2017 9 27 0 0
AA1009 巧克力 A 50.000000 80.000000 0 100 66.000000 2017 10 1 0 0 2017 10 3 0 0
AA1010 雨伞 A 15.000000 25.000000 0 200 25.000000 0 0 0 0 0 0 0 0 0 0
AA1012 ASD A 13.000000 15.000000 0 100 14.000000 2017 9 19 0 0 2017 9 23 0 0
