BB2001 玻璃杯 B 10.000000 16.000000 0 100 13.000000 2017 9 25 0 0 2017 9 29 0 0
BB2002 雨伞 B 13.000000 17.000000 0 300 17.000000 0 0 0 0 0 0 0 0 0 0
BB2003 辣条 B 0.800000 2.000000 1 99 2.000000 0 0 0 0 0 0 0 0 0 0
BB2004 巧克力 B 20.000000 40.000000 0 100 40.000000 0 0 0 0 0 0 0 0 0 0
BB2005 牛奶 B 2.500000 3.500000 0 100 3.500000 0 0 0 0 0 0 0 0 0 0
BB2006 啤酒 B 3.000000 5.000000 0 100 4.500000 2017 9 1 0 0 2017 9 12 0 0
BB2007 咖啡 B 10.000000 15.000000 0 100 15.000000 0 0 0 0 0 0 0 0 0 0
BB2008 抱枕 B 16.000000 23.000000 0 100 23.000000 0 0 0 0 0 0 0 0 0 0
BB2009 洗衣液 B 24.000000 32.000000 0 100 29.000000 2017 10 11 0 0 2017 10 13 0 0
BB2010 拖鞋 B 8.000000 15.000000 0 100 15.000000 0 0 0 0 0 0 0 0 0 0
