CC3001 牙膏 C 10.000000 20.000000 1 999 15.000000 2017 9 19 0 0 2017 9 29 0 0
CC3002 洗面奶 C 30.000000 40.000000 0 200 35.000000 2017 8 1 0 0 2017 8 2 0 0
CC3003 香皂 C 5.000000 8.000000 1 499 8.000000 0 0 0 0 0 0 0 0 0 0
CC3004 薯片 C 2.500000 3.500000 0 150 3.500000 0 0 0 0 0 0 0 0 0 0
CC3005 可乐 C 2.000000 3.000000 0 200 2.800000 2017 5 1 0 0 2017 10 1 0 0
CC3006 玻璃杯 C 8.000000 12.000000 0 100 12.000000 0 0 0 0 0 0 0 0 0 0
CC3007 保温杯 C 28.000000 48.000000 0 100 48.000000 0 0 0 0 0 0 0 0 0 0
CC3008 雨伞 C 18.000000 28.000000 1 199 23.000000 2017 11 1 0 0 2017 11 3 0 0
CC3009 坚果 C 25.000000 35.000000 6 100 30.000000 2017 9 24 0 0 2017 9 28 0 0
CC3010 方便桶面 C 2.000000 5.000000 7 200 5.000000 0 0 0 0 0 0 0 0 0 0
